0
276
1 0
2 4725
3 23296
4 23448
5 23646
6 24834
7 29654
8 30624
9 30628
10 30631
11 30634
12 30637
13 30640
14 30643
15 30646
16 30649
17 30653
18 30656
19 30659
20 30662
21 30665
22 30668
23 30671
24 30674
25 30677
26 30680
27 30683
28 30687
29 30690
30 30693
31 30696
32 30699
33 30702
34 30705
35 30708
36 30711
37 30715
38 30718
39 30722
40 30725
41 30728
42 30731
43 30735
44 30738
45 30741
46 30744
47 30747
48 30750
49 30753
50 30756
51 30759
52 30762
53 30765
54 30768
55 30771
56 30774
57 30777
58 30780
59 30782
60 30785
61 30788
62 30791
63 30794
64 30797
65 30800
66 30803
67 30806
68 30809
69 30812
70 30815
71 30818
72 30821
73 30824
74 30827
75 30830
76 30833
77 30836
78 30839
79 30842
80 30846
81 30850
82 30853
83 30856
84 30859
85 30862
86 30865
87 30867
88 30870
89 30873
90 30876
91 30879
92 30882
93 30885
94 30888
95 30891
96 30894
97 30897
98 30900
99 30903
100 30906
101 30909
102 30911
103 30914
104 30917
105 30920
106 30923
107 30926
108 30929
109 30932
110 30935
111 30939
112 30942
113 30944
114 30947
115 30950
116 30952
117 30955
118 30957
119 30959
120 30962
121 30965
122 30968
123 30971
124 30975
125 30978
126 30981
127 30984
128 30987
129 30990
130 30993
131 30996
132 30999
133 31002
134 31005
135 31007
136 31010
137 31013
138 31016
139 31019
140 31022
141 31025
142 31028
143 31031
144 31034
145 31037
146 31040
147 31043
148 31046
149 31049
150 31052
151 31055
152 31058
153 31061
154 31064
155 31067
156 31069
157 31072
158 31074
159 31077
160 31080
161 31083
162 31086
163 31089
164 31092
165 31095
166 31098
167 31101
168 31103
169 31106
170 31108
171 31111
172 31113
173 31115
174 31118
175 31121
176 31123
177 31126
178 31129
179 31131
180 31134
181 31137
182 31140
183 31143
184 31148
185 31152
186 31155
187 31158
188 31161
189 31164
190 31167
191 31170
192 31173
193 31175
194 31178
195 31181
196 31184
197 31187
198 31190
199 31194
200 31197
201 31200
202 31202
203 31205
204 31208
205 31211
206 31214
207 31217
208 31220
209 31223
210 31226
211 31229
212 31233
213 31236
214 31239
215 31242
216 31246
217 31250
218 31254
219 31257
220 31260
221 31264
222 31268
223 31276
224 31280
225 31284
226 31288
227 31291
228 31295
229 31299
230 31303
231 31306
232 31310
233 31314
234 31317
235 31320
236 31324
237 31328
238 31332
239 31339
240 31344
241 31348
242 31352
243 31355
244 31359
245 31363
246 31367
247 31372
248 31375
249 31379
250 31384
251 31387
252 31390
253 31393
254 31396
255 31400
256 31403
257 31406
258 31409
259 31412
260 31415
261 31418
262 31421
263 31424
264 31427
265 31430
266 31433
267 31436
268 31439
269 31444
270 31447
271 31450
272 31453
273 31456
274 31460
275 31463
276 31466
